Number of clusters with the best measure: K = 2 QM = 1.991129

Centers Of Clusters:

C1  
0.084    0.083    0.085    0.084    0.103    0.091    0.098    0.087    0.081    0.094    0.094    0.093    0.104    0.115    0.131    0.092    0.083    0.101    0.127    0.098    0.123    0.154    0.156    0.152    0.215    0.256    0.094    0.103    0.111    0.107    0.118    0.134    0.133    0.132    0.121    0.131    0.143    0.138    0.139    0.134    0.166    0.138    0.167    0.152    0.194    0.193    0.236    0.175    0.238    0.234    0.265    0.373    

C2  
0.419    0.436    0.447    0.469    0.468    0.463    0.481    0.478    0.478    0.474    0.481    0.482    0.487    0.469    0.498    0.505    0.495    0.499    0.499    0.477    0.478    0.480    0.499    0.509    0.546    0.474    0.280    0.299    0.305    0.299    0.318    0.324    0.321    0.340    0.352    0.356    0.351    0.359    0.365    0.348    0.363    0.369    0.382    0.373    0.375    0.394    0.397    0.403    0.401    0.438    0.441    0.463    

